<urn:rula:7cfa1350e07909648dcbe646e027e8e4e6ebef50ac16f8cc724df1a0bd561f4a>	Motion picture film collections--Conservation and restoration
<http://id.loc.gov/authorities/subjects/sh85088046>	Motion picture film collections
<urn:rula:40def91f929e9156fad98c589114cb7e278128e2a03f33aac2d8831b71169062>	Motion picture film collections--Digitization
<urn:rula:5d2276f2fc5f05207bcb6067725b2bce1cb6a6810238c72499941f42a5a6658c>	Silent films--Conservation and restoration
<http://id.loc.gov/authorities/genreForms/gf2011026575>	Silent films
